39619,40147
90384,90659
30459,30800
35980,36267
68950,69433
28821,28839
13297,13861
76606,76761
17143,17150
59397,59404
10544,10618
274,278
423,427
2515,2519
3279,3283
3593,3597
6419,6423
7064,7068
10596,10600
12634,12638
16931,16935
17197,17201
17768,17772
19319,19323
19737,19741
20136,20140
21719,21723
21969,21973
23193,23197
23560,23564
24388,24392
25750,25754
27664,27668
27825,27829
32209,32213
33332,33336
34419,34423
36098,36102
36650,36654
37267,37271
37933,37937
38506,38510
38924,38928
39322,39326
39693,39697
39791,39795
42082,42086
42884,42888
45748,45752
46050,46054
49006,49010
49554,49558
52734,52738
55017,55021
55086,55090
56805,56809
57108,57112
58418,58422
59564,59568
61399,61403
65469,65473
72993,72997
74598,74602
77573,77577
78180,78184
79311,79315
81902,81906
83369,83373
84596,84600
87143,87147
87160,87164
89989,89993
90213,90217
91487,91491
92784,92788
93565,93569
93806,93810
95697,95701
95866,95870
96258,96262
97394,97398
97853,97857
99409,99413
99674,99678
92649,92745
74908,74990
82256,82285
10921,11146
4120,4676
47563,47635
16744,16833
51000,51779
50789,50952
3178,3183
3413,3418
6364,6369
7481,7486
9493,9498
15746,15751
16387,16392
16524,16529
18997,19002
21739,21744
26419,26424
42788,42793
43307,43312
43919,43924
44724,44729
49831,49836
52844,52849
53798,53803
66177,66182
73677,73682
75669,75674
81668,81673
84227,84232
89610,89615
89746,89751
89863,89868
91140,91145
92471,92476
43250,43257
65785,65792
21,24
173,176
661,664
962,965
1087,1090
1119,1122
2112,2115
2254,2257
2410,2413
3161,3164
4038,4041
4105,4108
4273,4276
4577,4580
5050,5053
5338,5341
5882,5885
5896,5899
6147,6150
6395,6398
7285,7288
7433,7436
7489,7492
8070,8073
8438,8441
8652,8655
9091,9094
9125,9128
9486,9489
9683,9686
9863,9866
9905,9908
10117,10120
10263,10266
10493,10496
10972,10975
11585,11588
11840,11843
11922,11925
12205,12208
12381,12384
12508,12511
12548,12551
12712,12715
12906,12909
13287,13290
13359,13362
13442,13445
13717,13720
13827,13830
14088,14091
14183,14186
14256,14259
14418,14421
14478,14481
15061,15064
15349,15352
15773,15776
15865,15868
15868,15871
16444,16447
16666,16669
16734,16737
16996,16999
17114,17117
17311,17314
17827,17830
18024,18027
18181,18184
18328,18331
18491,18494
19203,19206
19423,19426
19450,19453
20092,20095
20289,20292
20553,20556
20556,20559
20754,20757
20961,20964
21041,21044
21136,21139
21142,21145
21458,21461
21636,21639
22504,22507
22631,22634
23046,23049
23231,23234
23242,23245
23354,23357
23364,23367
23468,23471
24206,24209
24232,24235
24288,24291
24842,24845
24896,24899
25094,25097
25217,25220
26092,26095
26276,26279
26359,26362
26425,26428
26619,26622
26659,26662
26767,26770
26900,26903
27348,27351
27366,27369
27562,27565
28975,28978
29096,29099
29341,29344
29752,29755
30092,30095
30173,30176
30576,30579
30768,30771
30904,30907
31614,31617
31683,31686
32318,32321
32397,32400
32477,32480
32657,32660
33291,33294
33457,33460
33476,33479
33629,33632
33717,33720
33796,33799
34115,34118
34154,34157
34517,34520
34883,34886
35599,35602
35607,35610
35617,35620
35844,35847
36066,36069
36242,36245
36664,36667
37084,37087
37158,37161
37679,37682
37818,37821
38783,38786
39157,39160
39422,39425
39485,39488
39991,39994
40941,40944
41044,41047
41274,41277
41834,41837
42282,42285
42344,42347
42540,42543
43475,43478
43753,43756
44193,44196
44308,44311
44391,44394
44401,44404
44628,44631
44697,44700
45347,45350
45766,45769
46170,46173
46253,46256
46464,46467
46472,46475
46689,46692
46703,46706
47471,47474
47501,47504
47588,47591
47868,47871
47904,47907
48438,48441
48547,48550
48742,48745
48851,48854
48999,49002
49293,49296
49501,49504
49504,49507
49608,49611
49893,49896
49928,49931
50536,50539
50609,50612
51172,51175
51426,51429
51710,51713
51835,51838
51907,51910
52201,52204
52487,52490
52894,52897
53010,53013
53232,53235
53307,53310
53315,53318
53688,53691
53847,53850
54186,54189
54397,54400
54661,54664
55465,55468
55632,55635
55974,55977
56826,56829
56833,56836
57002,57005
57089,57092
57337,57340
57364,57367
58044,58047
58194,58197
58558,58561
58905,58908
59497,59500
59530,59533
60129,60132
60366,60369
60401,60404
60924,60927
61150,61153
61196,61199
61621,61624
61652,61655
61853,61856
62116,62119
62193,62196
62333,62336
62543,62546
62721,62724
63120,63123
63233,63236
63251,63254
63405,63408
63926,63929
63946,63949
64286,64289
64294,64297
64305,64308
64372,64375
64391,64394
64408,64411
64545,64548
64821,64824
65227,65230
65660,65663
65795,65798
66309,66312
66362,66365
66561,66564
66784,66787
66893,66896
66922,66925
67018,67021
67160,67163
67605,67608
67726,67729
67792,67795
68226,68229
68471,68474
69061,69064
69381,69384
69468,69471
69647,69650
69765,69768
69784,69787
70395,70398
70555,70558
71079,71082
71252,71255
71367,71370
71389,71392
71425,71428
72192,72195
72291,72294
72313,72316
73251,73254
73363,73366
74110,74113
74309,74312
74981,74984
75373,75376
75388,75391
75456,75459
75649,75652
75974,75977
76092,76095
76153,76156
76276,76279
77242,77245
77312,77315
77331,77334
78258,78261
78638,78641
78826,78829
79087,79090
79102,79105
79275,79278
79437,79440
79650,79653
79674,79677
79749,79752
79886,79889
80143,80146
80179,80182
80211,80214
80444,80447
80448,80451
80864,80867
80958,80961
81232,81235
81466,81469
81821,81824
81884,81887
82011,82014
82310,82313
82521,82524
83485,83488
83755,83758
84516,84519
85124,85127
85467,85470
85732,85735
85842,85845
85982,85985
86341,86344
86357,86360
86432,86435
86609,86612
87352,87355
87374,87377
87560,87563
87896,87899
87951,87954
87959,87962
88081,88084
88253,88256
88294,88297
88537,88540
88649,88652
89019,89022
89022,89025
89047,89050
89388,89391
89572,89575
89586,89589
89940,89943
89975,89978
90416,90419
90575,90578
91582,91585
91624,91627
92344,92347
92951,92954
93112,93115
93899,93902
93987,93990
94082,94085
94146,94149
94432,94435
94939,94942
95242,95245
96178,96181
96339,96342
96372,96375
96499,96502
96575,96578
96744,96747
96952,96955
97549,97552
97578,97581
98038,98041
98131,98134
98638,98641
99210,99213
99518,99521
99568,99571
35869,36567
3717,3979
8261,8267
97830,97836
36594,36895
8526,8681
54409,55199
25277,25697
2902,3298
4934,5222
99039,99606
93038,93387
79158,79458
42542,42695
60836,61233
